0 99.000000000000
1 79.000000000000
2 65.666666666667
3 56.142857142857
4 49.000000000000
5 40.000000000000
6 38.199498117942
7 36.550480769231
8 35.034602076125
9 33.636363636364
10 32.342582710779
11 31.141975308642
12 30.024826216485
13 28.982725527831
14 28.008356545961
15 27.095323741007
16 26.238012205754
17 25.431472081218
18 24.671322925226
19 23.953674121406
20 23.275058275058
21 22.632375189107
22 22.022844509948
23 21.443965517241
24 20.893482831114
25 20.369357045144
26 19.869739478958
27 19.392950391645
28 18.937460114869
29 18.501872659176
30 18.084911423335
31 17.685406698565
32 17.302284710018
33 16.934557979334
34 16.581316826111
35 16.241721854305
36 15.914997292907
37 15.600425079702
38 15.297339593114
39 15.005122950820
40 14.723200805234
41 14.451038575668
42 14.188138065143
43 13.934034416826
44 13.688293370945
45 13.450508788159
46 13.220300409650
47 12.997311827957
48 12.781208645787
49 12.571676802780
50 12.368421052632
51 12.171163575042
52 11.979642708766
53 11.793611793612
54 11.612838110618
55 11.437101910828
56 11.266195524146
57 11.099922540666
58 10.938097057700
59 10.780542986425
60 10.627093412728
61 10.477590007348
62 10.331882480958
63 10.189828080229
64 10.051291121330
65 9.916142557652
66 9.784259578875
67 9.655525238745
68 9.529828109201
69 9.407061958694
70 9.287125452749
71 9.169921875000
72 9.055358867074
73 8.943348185869
74 8.833805476865
75 8.726650062267
76 8.621804742840
77 8.519195612431
78 8.418751884233
79 8.320405727924
80 8.224092116918
81 8.129748684980
82 8.037315591553
83 7.946735395189
84 7.857952934505
85 7.770915216171
86 7.685571309425
87 7.601872246696
88 7.519770929915
89 7.439222042139
90 7.360181964142
91 7.282608695652
92 7.206461780930
93 7.131702238417
94 7.058292494197
95 6.986196319018
96 6.915378768685
97 6.845806127574
98 6.777445855116
99 6.710266535044
100 6.644237827257
101 6.579330422125
102 6.515515997113
103 6.452767175573
104 6.391057487580
105 6.330361332708
106 6.270653944613
107 6.211911357341
108 6.154110373254
109 6.097228532485
110 6.041244083840
111 5.986135957066
112 5.931883736410
113 5.878467635403
114 5.825868472799
115 5.774067649610
116 5.723047127179
117 5.672789406237
118 5.623277506890
119 5.574494949495
120 5.526425736369
121 5.479054334301
122 5.432365657813
123 5.386345053148
124 5.340978282931
125 5.296251511487
126 5.252151290774
127 5.208664546900
128 5.165778567200
129 5.123480987848
130 5.081759781974
131 5.040603248260
132 5.000000000000
133 4.500000000000
134 3.782608695652
135 3.230769230769
136 2.793103448276
137 2.437500000000
138 2.142857142857
139 1.894736842105
140 1.682926829268
141 1.500000000000
142 1.340425531915
143 1.200000000000
144 1.075471698113
145 0.964285714286
146 0.864406779661
147 0.774193548387
148 0.692307692308
149 0.617647058824
150 0.549295774648
151 0.486486486486
152 0.428571428571
153 0.375000000000
154 0.325301204819
155 0.279069767442
156 0.235955056180
157 0.195652173913
158 0.157894736842
159 0.122448979592
160 0.089108910891
161 0.057692307692
162 0.028037383178
163 0.000000000000
