#          k/h    CDM            baryon         photon         nu             mass_nu        total          no_nu          total_de       Weyl           v_CDM          v_b            v_b-v_c     
   0.114889E-04   0.189589E+06   0.189589E+06   0.252784E+06   0.252784E+06   0.000000E+00   0.189589E+06   0.189589E+06   0.198922E+06  -0.605258E+00   0.188722E+06   0.188722E+06   0.508699E+00
   0.126972E-04   0.189589E+06   0.189589E+06   0.252784E+06   0.252784E+06   0.000000E+00   0.189589E+06   0.189589E+06   0.198922E+06  -0.605258E+00   0.188722E+06   0.188722E+06   0.562200E+00
   0.140326E-04   0.189589E+06   0.189589E+06   0.252783E+06   0.252783E+06   0.000000E+00   0.189589E+06   0.189589E+06   0.198922E+06  -0.605258E+00   0.188722E+06   0.188722E+06   0.621327E+00
   0.155084E-04   0.189589E+06   0.189589E+06   0.252783E+06   0.252783E+06   0.000000E+00   0.189589E+06   0.189589E+06   0.198922E+06  -0.605258E+00   0.188722E+06   0.188722E+06   0.686672E+00
   0.171394E-04   0.189589E+06   0.189589E+06   0.252783E+06   0.252782E+06   0.000000E+00   0.189589E+06   0.189589E+06   0.198922E+06  -0.605258E+00   0.188722E+06   0.188722E+06   0.758890E+00
   0.189420E-04   0.189589E+06   0.189589E+06   0.252782E+06   0.252782E+06   0.000000E+00   0.189589E+06   0.189589E+06   0.198922E+06  -0.605258E+00   0.188722E+06   0.188722E+06   0.838703E+00
   0.209342E-04   0.189589E+06   0.189589E+06   0.252782E+06   0.252781E+06   0.000000E+00   0.189589E+06   0.189589E+06   0.198922E+06  -0.605258E+00   0.188722E+06   0.188722E+06   0.926910E+00
   0.231358E-04   0.189589E+06   0.189588E+06   0.252781E+06   0.252780E+06   0.000000E+00   0.189589E+06   0.189589E+06   0.198922E+06  -0.605258E+00   0.188721E+06   0.188721E+06   0.102439E+01
   0.255691E-04   0.189588E+06   0.189588E+06   0.252780E+06   0.252779E+06   0.000000E+00   0.189588E+06   0.189588E+06   0.198922E+06  -0.605257E+00   0.188721E+06   0.188721E+06   0.113213E+01
   0.282582E-04   0.189588E+06   0.189588E+06   0.252779E+06   0.252778E+06   0.000000E+00   0.189588E+06   0.189588E+06   0.198922E+06  -0.605257E+00   0.188721E+06   0.188721E+06   0.125120E+01
   0.312301E-04   0.189588E+06   0.189588E+06   0.252777E+06   0.252776E+06   0.000000E+00   0.189588E+06   0.189588E+06   0.198922E+06  -0.605257E+00   0.188721E+06   0.188721E+06   0.138279E+01
   0.345146E-04   0.189588E+06   0.189588E+06   0.252776E+06   0.252774E+06   0.000000E+00   0.189588E+06   0.189588E+06   0.198922E+06  -0.605256E+00   0.188721E+06   0.188721E+06   0.152821E+01
   0.381445E-04   0.189588E+06   0.189588E+06   0.252774E+06   0.252772E+06   0.000000E+00   0.189588E+06   0.189588E+06   0.198921E+06  -0.605255E+00   0.188721E+06   0.188721E+06   0.168894E+01
   0.421562E-04   0.189588E+06   0.189588E+06   0.252771E+06   0.252769E+06   0.000000E+00   0.189588E+06   0.189588E+06   0.198921E+06  -0.605255E+00   0.188721E+06   0.188721E+06   0.186656E+01
   0.465898E-04   0.189588E+06   0.189588E+06   0.252768E+06   0.252766E+06   0.000000E+00   0.189588E+06   0.189588E+06   0.198921E+06  -0.605254E+00   0.188721E+06   0.188721E+06   0.206287E+01
   0.514897E-04   0.189588E+06   0.189588E+06   0.252764E+06   0.252761E+06   0.000000E+00   0.189588E+06   0.189588E+06   0.198921E+06  -0.605253E+00   0.188721E+06   0.188721E+06   0.227982E+01
   0.569050E-04   0.189587E+06   0.189587E+06   0.252760E+06   0.252756E+06   0.000000E+00   0.189587E+06   0.189587E+06   0.198920E+06  -0.605251E+00   0.188720E+06   0.188720E+06   0.251958E+01
   0.628897E-04   0.189587E+06   0.189587E+06   0.252754E+06   0.252750E+06   0.000000E+00   0.189587E+06   0.189587E+06   0.198920E+06  -0.605250E+00   0.188720E+06   0.188720E+06   0.278457E+01
   0.695039E-04   0.189587E+06   0.189586E+06   0.252747E+06   0.252742E+06   0.000000E+00   0.189587E+06   0.189587E+06   0.198919E+06  -0.605248E+00   0.188720E+06   0.188720E+06   0.307741E+01
   0.768137E-04   0.189586E+06   0.189586E+06   0.252739E+06   0.252732E+06   0.000000E+00   0.189586E+06   0.189586E+06   0.198918E+06  -0.605245E+00   0.188719E+06   0.188719E+06   0.340106E+01
   0.848922E-04   0.189586E+06   0.189585E+06   0.252728E+06   0.252720E+06   0.000000E+00   0.189586E+06   0.189586E+06   0.198917E+06  -0.605243E+00   0.188719E+06   0.188719E+06   0.375874E+01
   0.938204E-04   0.189585E+06   0.189585E+06   0.252716E+06   0.252706E+06   0.000000E+00   0.189585E+06   0.189585E+06   0.198916E+06  -0.605239E+00   0.188718E+06   0.188718E+06   0.415403E+01
   0.103688E-03   0.189585E+06   0.189584E+06   0.252700E+06   0.252689E+06   0.000000E+00   0.189584E+06   0.189584E+06   0.198915E+06  -0.605235E+00   0.188717E+06   0.188717E+06   0.459089E+01
   0.114593E-03   0.189584E+06   0.189583E+06   0.252682E+06   0.252667E+06   0.000000E+00   0.189583E+06   0.189583E+06   0.198913E+06  -0.605229E+00   0.188717E+06   0.188716E+06   0.507369E+01
   0.126644E-03   0.189582E+06   0.189581E+06   0.252659E+06   0.252641E+06   0.000000E+00   0.189582E+06   0.189582E+06   0.198911E+06  -0.605223E+00   0.188715E+06   0.188715E+06   0.560725E+01
   0.139964E-03   0.189581E+06   0.189580E+06   0.252631E+06   0.252609E+06   0.000000E+00   0.189581E+06   0.189581E+06   0.198909E+06  -0.605215E+00   0.188714E+06   0.188714E+06   0.619691E+01
   0.154684E-03   0.189579E+06   0.189578E+06   0.252597E+06   0.252570E+06   0.000000E+00   0.189579E+06   0.189579E+06   0.198905E+06  -0.605205E+00   0.188712E+06   0.188712E+06   0.684857E+01
   0.170952E-03   0.189577E+06   0.189575E+06   0.252555E+06   0.252523E+06   0.000000E+00   0.189577E+06   0.189577E+06   0.198902E+06  -0.605193E+00   0.188710E+06   0.188710E+06   0.756873E+01
   0.188931E-03   0.189575E+06   0.189572E+06   0.252504E+06   0.252465E+06   0.000000E+00   0.189574E+06   0.189574E+06   0.198897E+06  -0.605178E+00   0.188708E+06   0.188707E+06   0.836460E+01
   0.208801E-03   0.189572E+06   0.189568E+06   0.252442E+06   0.252394E+06   0.000000E+00   0.189571E+06   0.189571E+06   0.198892E+06  -0.605161E+00   0.188705E+06   0.188704E+06   0.924412E+01
   0.230761E-03   0.189568E+06   0.189564E+06   0.252366E+06   0.252308E+06   0.000000E+00   0.189567E+06   0.189567E+06   0.198885E+06  -0.605139E+00   0.188701E+06   0.188700E+06   0.102161E+02
   0.255030E-03   0.189563E+06   0.189559E+06   0.252273E+06   0.252202E+06   0.000000E+00   0.189563E+06   0.189563E+06   0.198876E+06  -0.605113E+00   0.188696E+06   0.188695E+06   0.112902E+02
   0.281852E-03   0.189558E+06   0.189552E+06   0.252160E+06   0.252073E+06   0.000000E+00   0.189557E+06   0.189557E+06   0.198866E+06  -0.605080E+00   0.188691E+06   0.188689E+06   0.124771E+02
   0.311495E-03   0.189551E+06   0.189544E+06   0.252022E+06   0.251916E+06   0.000000E+00   0.189550E+06   0.189550E+06   0.198854E+06  -0.605041E+00   0.188684E+06   0.188682E+06   0.137887E+02
   0.344255E-03   0.189542E+06   0.189534E+06   0.251853E+06   0.251724E+06   0.000000E+00   0.189541E+06   0.189541E+06   0.198838E+06  -0.604993E+00   0.188675E+06   0.188673E+06   0.152380E+02
   0.380461E-03   0.189532E+06   0.189522E+06   0.251647E+06   0.251490E+06   0.000000E+00   0.189531E+06   0.189531E+06   0.198820E+06  -0.604934E+00   0.188665E+06   0.188662E+06   0.168394E+02
   0.420474E-03   0.189520E+06   0.189507E+06   0.251396E+06   0.251204E+06   0.000000E+00   0.189518E+06   0.189518E+06   0.198797E+06  -0.604862E+00   0.188652E+06   0.188649E+06   0.186089E+02
   0.464696E-03   0.189504E+06   0.189488E+06   0.251089E+06   0.250855E+06   0.000000E+00   0.189502E+06   0.189502E+06   0.198769E+06  -0.604774E+00   0.188637E+06   0.188632E+06   0.205639E+02
   0.513568E-03   0.189486E+06   0.189466E+06   0.250715E+06   0.250429E+06   0.000000E+00   0.189483E+06   0.189483E+06   0.198736E+06  -0.604667E+00   0.188618E+06   0.188613E+06   0.227237E+02
   0.567580E-03   0.189463E+06   0.189439E+06   0.250259E+06   0.249910E+06   0.000000E+00   0.189459E+06   0.189459E+06   0.198694E+06  -0.604536E+00   0.188595E+06   0.188589E+06   0.251098E+02
   0.627273E-03   0.189435E+06   0.189406E+06   0.249703E+06   0.249278E+06   0.000000E+00   0.189431E+06   0.189431E+06   0.198644E+06  -0.604377E+00   0.188567E+06   0.188559E+06   0.277454E+02
   0.693245E-03   0.189401E+06   0.189366E+06   0.249024E+06   0.248507E+06   0.000000E+00   0.189396E+06   0.189396E+06   0.198583E+06  -0.604182E+00   0.188533E+06   0.188523E+06   0.306564E+02
   0.766154E-03   0.189360E+06   0.189317E+06   0.248198E+06   0.247569E+06   0.000000E+00   0.189353E+06   0.189353E+06   0.198508E+06  -0.603945E+00   0.188492E+06   0.188479E+06   0.338711E+02
   0.846731E-03   0.189309E+06   0.189257E+06   0.247193E+06   0.246427E+06   0.000000E+00   0.189301E+06   0.189301E+06   0.198417E+06  -0.603655E+00   0.188441E+06   0.188426E+06   0.374207E+02
   0.935782E-03   0.189248E+06   0.189183E+06   0.245969E+06   0.245039E+06   0.000000E+00   0.189238E+06   0.189238E+06   0.198306E+06  -0.603302E+00   0.188379E+06   0.188361E+06   0.413391E+02
   0.103420E-02   0.189173E+06   0.189094E+06   0.244481E+06   0.243354E+06   0.000000E+00   0.189160E+06   0.189160E+06   0.198170E+06  -0.602873E+00   0.188303E+06   0.188281E+06   0.456636E+02
   0.114297E-02   0.189081E+06   0.188985E+06   0.242675E+06   0.241309E+06   0.000000E+00   0.189066E+06   0.189066E+06   0.198006E+06  -0.602350E+00   0.188211E+06   0.188184E+06   0.504349E+02
   0.126317E-02   0.188969E+06   0.188852E+06   0.240484E+06   0.238832E+06   0.000000E+00   0.188951E+06   0.188951E+06   0.197805E+06  -0.601713E+00   0.188099E+06   0.188065E+06   0.556973E+02
   0.139602E-02   0.188833E+06   0.188690E+06   0.237832E+06   0.235838E+06   0.000000E+00   0.188811E+06   0.188811E+06   0.197562E+06  -0.600939E+00   0.187961E+06   0.187921E+06   0.614985E+02
   0.154284E-02   0.188668E+06   0.188492E+06   0.234626E+06   0.232228E+06   0.000000E+00   0.188640E+06   0.188640E+06   0.197267E+06  -0.599999E+00   0.187794E+06   0.187745E+06   0.678904E+02
   0.170511E-02   0.188466E+06   0.188252E+06   0.230760E+06   0.227885E+06   0.000000E+00   0.188432E+06   0.188432E+06   0.196909E+06  -0.598860E+00   0.187591E+06   0.187530E+06   0.749283E+02
   0.188443E-02   0.188221E+06   0.187960E+06   0.226113E+06   0.222681E+06   0.000000E+00   0.188180E+06   0.188180E+06   0.196477E+06  -0.597480E+00   0.187343E+06   0.187269E+06   0.826714E+02
   0.208262E-02   0.187923E+06   0.187604E+06   0.220547E+06   0.216470E+06   0.000000E+00   0.187873E+06   0.187873E+06   0.195955E+06  -0.595811E+00   0.187042E+06   0.186952E+06   0.911820E+02
   0.230165E-02   0.187562E+06   0.187173E+06   0.213908E+06   0.209096E+06   0.000000E+00   0.187501E+06   0.187501E+06   0.195327E+06  -0.593800E+00   0.186676E+06   0.186566E+06   0.100525E+03
   0.254372E-02   0.187125E+06   0.186650E+06   0.206033E+06   0.200398E+06   0.000000E+00   0.187050E+06   0.187050E+06   0.194573E+06  -0.591380E+00   0.186232E+06   0.186098E+06   0.110768E+03
   0.281124E-02   0.186596E+06   0.186018E+06   0.196752E+06   0.190221E+06   0.000000E+00   0.186506E+06   0.186506E+06   0.193672E+06  -0.588480E+00   0.185694E+06   0.185531E+06   0.121977E+03
   0.310691E-02   0.185959E+06   0.185253E+06   0.185906E+06   0.178427E+06   0.000000E+00   0.185848E+06   0.185848E+06   0.192599E+06  -0.585019E+00   0.185043E+06   0.184845E+06   0.134220E+03
   0.343366E-02   0.185192E+06   0.184331E+06   0.173359E+06   0.164927E+06   0.000000E+00   0.185056E+06   0.185056E+06   0.191330E+06  -0.580907E+00   0.184258E+06   0.184017E+06   0.147557E+03
   0.379478E-02   0.184271E+06   0.183224E+06   0.159027E+06   0.149706E+06   0.000000E+00   0.184107E+06   0.184107E+06   0.189838E+06  -0.576051E+00   0.183312E+06   0.183020E+06   0.162047E+03
   0.419388E-02   0.183172E+06   0.181897E+06   0.142913E+06   0.132869E+06   0.000000E+00   0.182972E+06   0.182972E+06   0.188097E+06  -0.570356E+00   0.182178E+06   0.181824E+06   0.177733E+03
   0.463496E-02   0.181865E+06   0.180313E+06   0.125154E+06   0.114685E+06   0.000000E+00   0.181621E+06   0.181621E+06   0.186084E+06  -0.563733E+00   0.180821E+06   0.180393E+06   0.194646E+03
   0.512242E-02   0.180318E+06   0.178432E+06   0.106072E+06   0.956324E+05   0.000000E+00   0.180021E+06   0.180021E+06   0.183780E+06  -0.556107E+00   0.179208E+06   0.178691E+06   0.212800E+03
   0.566115E-02   0.178499E+06   0.176209E+06   0.862228E+05   0.764355E+05   0.000000E+00   0.178139E+06   0.178139E+06   0.181175E+06  -0.547424E+00   0.177299E+06   0.176675E+06   0.232180E+03
   0.625654E-02   0.176377E+06   0.173599E+06   0.664320E+05   0.580524E+05   0.000000E+00   0.175940E+06   0.175940E+06   0.178267E+06  -0.537666E+00   0.175056E+06   0.174305E+06   0.252747E+03
   0.691455E-02   0.173920E+06   0.170557E+06   0.477812E+05   0.416018E+05   0.000000E+00   0.173392E+06   0.173392E+06   0.175063E+06  -0.526857E+00   0.172441E+06   0.171541E+06   0.274428E+03
   0.764175E-02   0.171103E+06   0.167038E+06   0.315192E+05   0.281885E+05   0.000000E+00   0.170465E+06   0.170465E+06   0.171578E+06  -0.515066E+00   0.169423E+06   0.168346E+06   0.297118E+03
   0.844545E-02   0.167907E+06   0.163003E+06   0.188572E+05   0.186209E+05   0.000000E+00   0.167136E+06   0.167136E+06   0.167829E+06  -0.502400E+00   0.165977E+06   0.164692E+06   0.320678E+03
   0.933366E-02   0.164317E+06   0.158417E+06   0.106405E+05   0.130692E+05   0.000000E+00   0.163390E+06   0.163390E+06   0.163820E+06  -0.488974E+00   0.162090E+06   0.160562E+06   0.344936E+03
   0.103153E-01   0.160332E+06   0.153254E+06   0.694755E+04   0.108050E+05   0.000000E+00   0.159220E+06   0.159220E+06   0.159534E+06  -0.474877E+00   0.157764E+06   0.155955E+06   0.369676E+03
   0.114002E-01   0.155953E+06   0.147492E+06   0.678490E+04   0.102558E+05   0.000000E+00   0.154623E+06   0.154623E+06   0.154926E+06  -0.460119E+00   0.153017E+06   0.150883E+06   0.394624E+03
   0.125991E-01   0.151186E+06   0.141116E+06   0.815437E+04   0.958328E+04   0.000000E+00   0.149604E+06   0.149604E+06   0.149926E+06  -0.444598E+00   0.147873E+06   0.145366E+06   0.419409E+03
   0.139242E-01   0.146038E+06   0.134112E+06   0.876065E+04   0.769647E+04   0.000000E+00   0.144164E+06   0.144164E+06   0.144471E+06  -0.428123E+00   0.142359E+06   0.139428E+06   0.443502E+03
   0.153886E-01   0.140511E+06   0.126473E+06   0.728772E+04   0.503540E+04   0.000000E+00   0.138305E+06   0.138305E+06   0.138540E+06  -0.410491E+00   0.136489E+06   0.133085E+06   0.466145E+03
   0.170070E-01   0.134606E+06   0.118203E+06   0.446215E+04   0.311587E+04   0.000000E+00   0.132029E+06   0.132029E+06   0.132173E+06  -0.391603E+00   0.130265E+06   0.126340E+06   0.486292E+03
   0.187957E-01   0.128330E+06   0.109332E+06   0.288066E+04   0.287331E+04   0.000000E+00   0.125345E+06   0.125345E+06   0.125451E+06  -0.371417E+00   0.123665E+06   0.119183E+06   0.502608E+03
   0.207724E-01   0.121698E+06   0.999279E+05   0.222773E+04   0.222210E+04   0.000000E+00   0.118277E+06   0.118277E+06   0.118359E+06  -0.350303E+00   0.116721E+06   0.111660E+06   0.513529E+03
   0.229571E-01   0.114744E+06   0.901209E+05   0.171012E+04   0.170583E+04   0.000000E+00   0.110874E+06   0.110874E+06   0.110937E+06  -0.328245E+00   0.109469E+06   0.103834E+06   0.517297E+03
   0.253715E-01   0.107514E+06   0.801067E+05   0.130274E+04   0.129950E+04   0.000000E+00   0.103207E+06   0.103207E+06   0.103255E+06  -0.305445E+00   0.101968E+06   0.958048E+05   0.511987E+03
   0.280399E-01   0.100081E+06   0.701653E+05   0.984797E+03   0.982371E+03   0.000000E+00   0.953800E+05   0.953800E+05   0.954164E+05  -0.282202E+00   0.943122E+05   0.877171E+05   0.495707E+03
   0.309888E-01   0.925451E+05   0.606678E+05   0.739127E+03   0.737321E+03   0.000000E+00   0.875358E+05   0.875358E+05   0.875631E+05  -0.258933E+00   0.866300E+05   0.797651E+05   0.466886E+03
   0.342480E-01   0.850396E+05   0.520644E+05   0.551514E+03   0.550176E+03   0.000000E+00   0.798578E+05   0.798578E+05   0.798781E+05  -0.236175E+00   0.790898E+05   0.721884E+05   0.424699E+03
   0.378499E-01   0.777165E+05   0.448296E+05   0.410093E+03   0.409103E+03   0.000000E+00   0.725486E+05   0.725486E+05   0.725637E+05  -0.214522E+00   0.718777E+05   0.652396E+05   0.369627E+03
   0.418306E-01   0.707225E+05   0.393625E+05   0.304853E+03   0.304119E+03   0.000000E+00   0.657945E+05   0.657945E+05   0.658057E+05  -0.194523E+00   0.651647E+05   0.591301E+05   0.304045E+03
   0.462300E-01   0.642807E+05   0.359635E+05   0.227619E+03   0.227069E+03   0.000000E+00   0.598309E+05   0.598309E+05   0.598393E+05  -0.176869E+00   0.591912E+05   0.540906E+05   0.232533E+03
   0.510920E-01   0.584762E+05   0.344859E+05   0.171202E+03   0.170785E+03   0.000000E+00   0.547063E+05   0.547063E+05   0.547127E+05  -0.161703E+00   0.540125E+05   0.500829E+05   0.162097E+03
   0.564654E-01   0.532669E+05   0.342553E+05   0.129627E+03   0.129308E+03   0.000000E+00   0.502793E+05   0.502793E+05   0.502841E+05  -0.148605E+00   0.495051E+05   0.467927E+05   0.101238E+03
   0.624039E-01   0.486178E+05   0.342397E+05   0.984014E+02   0.981571E+02   0.000000E+00   0.463584E+05   0.463584E+05   0.463621E+05  -0.137007E+00   0.455299E+05   0.438172E+05   0.578438E+02
   0.689670E-01   0.442265E+05   0.330254E+05   0.740324E+02   0.738477E+02   0.000000E+00   0.424663E+05   0.424663E+05   0.424690E+05  -0.125497E+00   0.416488E+05   0.404576E+05   0.364007E+02
   0.762203E-01   0.398800E+05   0.296973E+05   0.545815E+02   0.544458E+02   0.000000E+00   0.382798E+05   0.382798E+05   0.382818E+05  -0.113121E+00   0.375629E+05   0.363016E+05   0.348758E+02
   0.842364E-01   0.354990E+05   0.244761E+05   0.392120E+02   0.391157E+02   0.000000E+00   0.337669E+05   0.337669E+05   0.337683E+05  -0.997823E-01   0.332178E+05   0.314656E+05   0.438397E+02
   0.930957E-01   0.312514E+05   0.190231E+05   0.276904E+02   0.276234E+02   0.000000E+00   0.293298E+05   0.293298E+05   0.293309E+05  -0.866689E-01   0.289483E+05   0.267448E+05   0.498843E+02
   0.102887E+00   0.274723E+05   0.155677E+05   0.197410E+02   0.196935E+02   0.000000E+00   0.256016E+05   0.256016E+05   0.256023E+05  -0.756503E-01   0.252978E+05   0.231669E+05   0.436501E+02
   0.113707E+00   0.244158E+05   0.149904E+05   0.145644E+02   0.145290E+02   0.000000E+00   0.229347E+05   0.229347E+05   0.229352E+05  -0.677685E-01   0.226016E+05   0.211266E+05   0.273389E+02
   0.125666E+00   0.219037E+05   0.154237E+05   0.109455E+02   0.109184E+02   0.000000E+00   0.208854E+05   0.208854E+05   0.208858E+05  -0.617119E-01   0.205061E+05   0.197130E+05   0.133018E+02
   0.138882E+00   0.194218E+05   0.139507E+05   0.796709E+01   0.794738E+01   0.000000E+00   0.185621E+05   0.185621E+05   0.185623E+05  -0.548463E-01   0.182225E+05   0.175140E+05   0.107517E+02
   0.153489E+00   0.168470E+05   0.106714E+05   0.553568E+01   0.552221E+01   0.000000E+00   0.158766E+05   0.158766E+05   0.158768E+05  -0.469110E-01   0.156436E+05   0.146158E+05   0.141132E+02
   0.169631E+00   0.146297E+05   0.878426E+04   0.390686E+01   0.389739E+01   0.000000E+00   0.137112E+05   0.137112E+05   0.137113E+05  -0.405125E-01   0.135217E+05   0.125520E+05   0.120482E+02
   0.187472E+00   0.129566E+05   0.882506E+04   0.289297E+01   0.288584E+01   0.000000E+00   0.123073E+05   0.123073E+05   0.123075E+05  -0.363643E-01   0.120947E+05   0.115348E+05   0.629416E+01
   0.207188E+00   0.113328E+05   0.772192E+04   0.207029E+01   0.206520E+01   0.000000E+00   0.107654E+05   0.107654E+05   0.107655E+05  -0.318082E-01   0.105831E+05   0.100591E+05   0.533039E+01
   0.228978E+00   0.974506E+04   0.605715E+04   0.143608E+01   0.143259E+01   0.000000E+00   0.916553E+04   0.916553E+04   0.916558E+04  -0.270810E-01   0.903094E+04   0.843422E+04   0.549237E+01
   0.253060E+00   0.853066E+04   0.573238E+04   0.104286E+01   0.104030E+01   0.000000E+00   0.809093E+04   0.809093E+04   0.809097E+04  -0.239058E-01   0.795448E+04   0.755800E+04   0.330203E+01
   0.279675E+00   0.737813E+04   0.482789E+04   0.734909E+00   0.733112E+00   0.000000E+00   0.697738E+04   0.697738E+04   0.697741E+04  -0.206156E-01   0.686586E+04   0.647581E+04   0.293932E+01
   0.309088E+00   0.636984E+04   0.415855E+04   0.519473E+00   0.518202E+00   0.000000E+00   0.602235E+04   0.602235E+04   0.602237E+04  -0.177938E-01   0.592538E+04   0.559504E+04   0.225251E+01
   0.341596E+00   0.550860E+04   0.362814E+04   0.368267E+00   0.367366E+00   0.000000E+00   0.521310E+04   0.521310E+04   0.521311E+04  -0.154027E-01   0.512846E+04   0.484639E+04   0.174031E+01
   0.377521E+00   0.474072E+04   0.311264E+04   0.259398E+00   0.258763E+00   0.000000E+00   0.448488E+04   0.448488E+04   0.448489E+04  -0.132511E-01   0.441205E+04   0.416980E+04   0.135241E+01
   0.417226E+00   0.407670E+04   0.266636E+04   0.182501E+00   0.182055E+00   0.000000E+00   0.385508E+04   0.385508E+04   0.385508E+04  -0.113903E-01   0.379298E+04   0.358050E+04   0.107331E+01
   0.461106E+00   0.350277E+04   0.230676E+04   0.128537E+00   0.128223E+00   0.000000E+00   0.331482E+04   0.331482E+04   0.331483E+04  -0.979402E-02   0.326075E+04   0.308288E+04   0.812978E+00
   0.509601E+00   0.300150E+04   0.197058E+04   0.901346E-01   0.899140E-01   0.000000E+00   0.283950E+04   0.283950E+04   0.283950E+04  -0.838960E-02   0.279336E+04   0.263955E+04   0.636120E+00
   0.563196E+00   0.256915E+04   0.168572E+04   0.631605E-01   0.630059E-01   0.000000E+00   0.243032E+04   0.243032E+04   0.243032E+04  -0.718064E-02   0.239086E+04   0.225888E+04   0.493876E+00
   0.622428E+00   0.219620E+04   0.144176E+04   0.442094E-01   0.441012E-01   0.000000E+00   0.207764E+04   0.207764E+04   0.207765E+04  -0.613861E-02   0.204387E+04   0.193126E+04   0.381279E+00
   0.687889E+00   0.187474E+04   0.123105E+04   0.308994E-01   0.308238E-01   0.000000E+00   0.177359E+04   0.177359E+04   0.177359E+04  -0.524024E-02   0.174473E+04   0.164872E+04   0.294140E+00
   0.760235E+00   0.159828E+04   0.104966E+04   0.215686E-01   0.215158E-01   0.000000E+00   0.151207E+04   0.151207E+04   0.151207E+04  -0.446757E-02   0.148745E+04   0.140567E+04   0.226725E+00
   0.840190E+00   0.136090E+04   0.893824E+03   0.150365E-01   0.149997E-01   0.000000E+00   0.128750E+04   0.128750E+04   0.128750E+04  -0.380404E-02   0.126652E+04   0.119692E+04   0.174592E+00
   0.928553E+00   0.115741E+04   0.760219E+03   0.104703E-01   0.104446E-01   0.000000E+00   0.109499E+04   0.109499E+04   0.109499E+04  -0.323526E-02   0.107715E+04   0.101798E+04   0.134303E+00
   0.102621E+01   0.983256E+03   0.645859E+03   0.728262E-02   0.726480E-02   0.000000E+00   0.930237E+03   0.930237E+03   0.930237E+03  -0.274848E-02   0.915070E+03   0.864819E+03   0.103203E+00
   0.113414E+01   0.834406E+03   0.548106E+03   0.505996E-02   0.504757E-02   0.000000E+00   0.789416E+03   0.789416E+03   0.789416E+03  -0.233241E-02   0.776541E+03   0.733911E+03   0.792205E-01
   0.125341E+01   0.707381E+03   0.464683E+03   0.351214E-02   0.350354E-02   0.000000E+00   0.669243E+03   0.669243E+03   0.669243E+03  -0.197734E-02   0.658324E+03   0.622193E+03   0.607523E-01
   0.138524E+01   0.599102E+03   0.393567E+03   0.243537E-02   0.242941E-02   0.000000E+00   0.566803E+03   0.566803E+03   0.566803E+03  -0.167468E-02   0.557553E+03   0.526961E+03   0.465449E-01
   0.153093E+01   0.506931E+03   0.333027E+03   0.168718E-02   0.168305E-02   0.000000E+00   0.479604E+03   0.479604E+03   0.479604E+03  -0.141704E-02   0.471774E+03   0.445895E+03   0.356280E-01
   0.169193E+01   0.428560E+03   0.281550E+03   0.116781E-02   0.116495E-02   0.000000E+00   0.405459E+03   0.405459E+03   0.405459E+03  -0.119797E-02   0.398838E+03   0.376964E+03   0.272481E-01
   0.186988E+01   0.361996E+03   0.237825E+03   0.807622E-03   0.805645E-03   0.000000E+00   0.342483E+03   0.342483E+03   0.342483E+03  -0.101190E-02   0.336890E+03   0.318416E+03   0.208219E-01
   0.206653E+01   0.305525E+03   0.200730E+03   0.558081E-03   0.556715E-03   0.000000E+00   0.289057E+03   0.289057E+03   0.289057E+03  -0.854048E-03   0.284335E+03   0.268746E+03   0.158987E-01
   0.228387E+01   0.257663E+03   0.169288E+03   0.385343E-03   0.384399E-03   0.000000E+00   0.243775E+03   0.243775E+03   0.243775E+03  -0.720258E-03   0.239792E+03   0.226647E+03   0.121304E-01
   0.252407E+01   0.217136E+03   0.142664E+03   0.265872E-03   0.265221E-03   0.000000E+00   0.205433E+03   0.205433E+03   0.205433E+03  -0.606972E-03   0.202076E+03   0.191000E+03   0.924855E-02
   0.278953E+01   0.182855E+03   0.120142E+03   0.183312E-03   0.182863E-03   0.000000E+00   0.173000E+03   0.173000E+03   0.173000E+03  -0.511145E-03   0.170172E+03   0.160846E+03   0.704651E-02
   0.308291E+01   0.153879E+03   0.101106E+03   0.126302E-03   0.125993E-03   0.000000E+00   0.145587E+03   0.145587E+03   0.145587E+03  -0.430149E-03   0.143206E+03   0.135358E+03   0.536520E-02
   0.340714E+01   0.129412E+03   0.850308E+02   0.869655E-04   0.867526E-04   0.000000E+00   0.122437E+03   0.122437E+03   0.122437E+03  -0.361753E-03   0.120436E+03   0.113836E+03   0.408250E-02
   0.376547E+01   0.108766E+03   0.714661E+02   0.598424E-04   0.596959E-04   0.000000E+00   0.102904E+03   0.102904E+03   0.102904E+03  -0.304041E-03   0.101222E+03   0.956748E+02   0.310458E-02
   0.416149E+01   0.913583E+02   0.600290E+02   0.411537E-04   0.410529E-04   0.000000E+00   0.864352E+02   0.864352E+02   0.864352E+02  -0.255381E-03   0.850215E+02   0.803625E+02   0.235957E-02
   0.459915E+01   0.766928E+02   0.503931E+02   0.282852E-04   0.282160E-04   0.000000E+00   0.725600E+02   0.725600E+02   0.725600E+02  -0.214385E-03   0.713732E+02   0.674619E+02   0.179237E-02
   0.508285E+01   0.643454E+02   0.422802E+02   0.194296E-04   0.193821E-04   0.000000E+00   0.608781E+02   0.608781E+02   0.608781E+02  -0.179870E-03   0.598822E+02   0.566003E+02   0.136080E-02
   0.561742E+01   0.539573E+02   0.354545E+02   0.133395E-04   0.133069E-04   0.000000E+00   0.510497E+02   0.510497E+02   0.510497E+02  -0.150831E-03   0.502145E+02   0.474621E+02   0.103265E-02
   0.620821E+01   0.452228E+02   0.297152E+02   0.915355E-05   0.913115E-05   0.000000E+00   0.427859E+02   0.427859E+02   0.427859E+02  -0.126415E-03   0.420859E+02   0.397786E+02   0.783276E-03
   0.686113E+01   0.378835E+02   0.248926E+02   0.627803E-05   0.626266E-05   0.000000E+00   0.358421E+02   0.358421E+02   0.358421E+02  -0.105899E-03   0.352556E+02   0.333223E+02   0.593866E-03
   0.758272E+01   0.317202E+02   0.208427E+02   0.430379E-05   0.429326E-05   0.000000E+00   0.300109E+02   0.300109E+02   0.300109E+02  -0.886700E-04   0.295198E+02   0.279005E+02   0.450082E-03
   0.838021E+01   0.265474E+02   0.174436E+02   0.294902E-05   0.294180E-05   0.000000E+00   0.251168E+02   0.251168E+02   0.251168E+02  -0.742099E-04   0.247058E+02   0.233500E+02   0.340987E-03
   0.926155E+01   0.222083E+02   0.145923E+02   0.201982E-05   0.201488E-05   0.000000E+00   0.210115E+02   0.210115E+02   0.210115E+02  -0.620806E-04   0.206677E+02   0.195329E+02   0.258253E-03
   0.102356E+02   0.185705E+02   0.122017E+02   0.138280E-05   0.137942E-05   0.000000E+00   0.175697E+02   0.175697E+02   0.175697E+02  -0.519114E-04   0.172822E+02   0.163326E+02   0.195537E-03
   0.113121E+02   0.155222E+02   0.101986E+02   0.946298E-06   0.943982E-06   0.000000E+00   0.146856E+02   0.146856E+02   0.146856E+02  -0.433901E-04   0.144454E+02   0.136509E+02   0.148017E-03
   0.125018E+02   0.129691E+02   0.852078E+01   0.647326E-06   0.645743E-06   0.000000E+00   0.122701E+02   0.122701E+02   0.122701E+02  -0.362532E-04   0.120694E+02   0.114049E+02   0.112024E-03
   0.138166E+02   0.108318E+02   0.711620E+01   0.442639E-06   0.441556E-06   0.000000E+00   0.102479E+02   0.102479E+02   0.102479E+02  -0.302785E-04   0.100803E+02   0.952455E+01   0.847733E-04
   0.152697E+02   0.904338E+01   0.594088E+01   0.302562E-06   0.301822E-06   0.000000E+00   0.855585E+01   0.855585E+01   0.855585E+01  -0.252791E-04   0.841593E+01   0.795116E+01   0.641480E-04
   0.168757E+02   0.754752E+01   0.495782E+01   0.206738E-06   0.206233E-06   0.000000E+00   0.714056E+01   0.714056E+01   0.714056E+01  -0.210975E-04   0.702382E+01   0.663514E+01   0.485418E-04
   0.186505E+02   0.629691E+01   0.413591E+01   0.141213E-06   0.140868E-06   0.000000E+00   0.595732E+01   0.595732E+01   0.595732E+01  -0.176015E-04   0.585996E+01   0.553486E+01   0.367367E-04
   0.206120E+02   0.525176E+01   0.344903E+01   0.964233E-07   0.961875E-07   0.000000E+00   0.496848E+01   0.496848E+01   0.496848E+01  -0.146798E-04   0.488731E+01   0.461534E+01   0.278089E-04
   0.227798E+02   0.437866E+01   0.287520E+01   0.658178E-07   0.656569E-07   0.000000E+00   0.414241E+01   0.414241E+01   0.414241E+01  -0.122391E-04   0.407477E+01   0.384716E+01   0.210582E-04
   0.251755E+02   0.364958E+01   0.239601E+01   0.449124E-07   0.448026E-07   0.000000E+00   0.345259E+01   0.345259E+01   0.345259E+01  -0.102010E-04   0.339625E+01   0.320567E+01   0.159545E-04
   0.278233E+02   0.304096E+01   0.199599E+01   0.306373E-07   0.305624E-07   0.000000E+00   0.287675E+01   0.287675E+01   0.287675E+01  -0.849963E-05   0.282985E+01   0.267016E+01   0.120961E-04
   0.307495E+02   0.253309E+01   0.166217E+01   0.208930E-07   0.208420E-07   0.000000E+00   0.239623E+01   0.239623E+01   0.239623E+01  -0.707989E-05   0.235721E+01   0.222328E+01   0.917914E-05
   0.339834E+02   0.210944E+01   0.138371E+01   0.142437E-07   0.142089E-07   0.000000E+00   0.199539E+01   0.199539E+01   0.199539E+01  -0.589558E-05   0.196294E+01   0.185050E+01   0.697373E-05
   0.375575E+02   0.175615E+01   0.115148E+01   0.970762E-08   0.968393E-08   0.000000E+00   0.166113E+01   0.166113E+01   0.166113E+01  -0.490797E-05   0.163416E+01   0.153961E+01   0.530593E-05
   0.415074E+02   0.146164E+01   0.957879E+00   0.661420E-08   0.659807E-08   0.000000E+00   0.138248E+01   0.138248E+01   0.138248E+01  -0.408466E-05   0.136008E+01   0.128043E+01   0.404431E-05
   0.458728E+02   0.121620E+01   0.796528E+00   0.450520E-08   0.449422E-08   0.000000E+00   0.115025E+01   0.115025E+01   0.115025E+01  -0.339853E-05   0.113166E+01   0.106441E+01   0.308949E-05
   0.506973E+02   0.101171E+01   0.662093E+00   0.306778E-08   0.306031E-08   0.000000E+00   0.956774E+00   0.956774E+00   0.956774E+00  -0.282688E-05   0.941356E+00   0.884433E+00   0.236640E-05
   0.560292E+02   0.841404E+00   0.550117E+00   0.208838E-08   0.208330E-08   0.000000E+00   0.795630E+00   0.795630E+00   0.795630E+00  -0.235077E-05   0.782857E+00   0.734517E+00   0.181836E-05
   0.619218E+02   0.699593E+00   0.456872E+00   0.142124E-08   0.141778E-08   0.000000E+00   0.661451E+00   0.661451E+00   0.661451E+00  -0.195432E-05   0.650881E+00   0.609674E+00   0.140252E-05
   0.684342E+02   0.581546E+00   0.379245E+00   0.966927E-09   0.964583E-09   0.000000E+00   0.549756E+00   0.549756E+00   0.549756E+00  -0.162431E-05   0.541021E+00   0.505739E+00   0.108657E-05
   0.756314E+02   0.483307E+00   0.314636E+00   0.657636E-09   0.656045E-09   0.000000E+00   0.456801E+00   0.456801E+00   0.456801E+00  -0.134966E-05   0.449593E+00   0.419230E+00   0.846101E-06
   0.835857E+02   0.401572E+00   0.260875E+00   0.447135E-09   0.446056E-09   0.000000E+00   0.379462E+00   0.379462E+00   0.379462E+00  -0.112116E-05   0.373525E+00   0.347243E+00   0.662685E-06
   0.923764E+02   0.333586E+00   0.216151E+00   0.303911E-09   0.303180E-09   0.000000E+00   0.315132E+00   0.315132E+00   0.315132E+00  -0.931088E-06   0.310254E+00   0.287355E+00   0.522426E-06
   0.102092E+03   0.277050E+00   0.178953E+00   0.206489E-09   0.205995E-09   0.000000E+00   0.261635E+00   0.261635E+00   0.261635E+00  -0.773025E-06   0.257637E+00   0.237542E+00   0.414827E-06
   0.112829E+03   0.230046E+00   0.148022E+00   0.140243E-09   0.139909E-09   0.000000E+00   0.217156E+00   0.217156E+00   0.217156E+00  -0.641609E-06   0.213891E+00   0.196119E+00   0.331970E-06
   0.124695E+03   0.190976E+00   0.122306E+00   0.952101E-10   0.949844E-10   0.000000E+00   0.180185E+00   0.180185E+00   0.180185E+00  -0.532374E-06   0.177529E+00   0.161680E+00   0.267877E-06
   0.137809E+03   0.158509E+00   0.100932E+00   0.646082E-10   0.644561E-10   0.000000E+00   0.149461E+00   0.149461E+00   0.149461E+00  -0.441598E-06   0.147312E+00   0.133056E+00   0.218032E-06
   0.152303E+03   0.131534E+00   0.831699E-01   0.438194E-10   0.437172E-10   0.000000E+00   0.123934E+00   0.123934E+00   0.123934E+00  -0.366174E-06   0.122206E+00   0.109269E+00   0.179025E-06
   0.168321E+03   0.109126E+00   0.684126E-01   0.297026E-10   0.296340E-10   0.000000E+00   0.102728E+00   0.102728E+00   0.102728E+00  -0.303520E-06   0.101351E+00   0.895085E-01   0.148278E-06
   0.186023E+03   0.905164E-01   0.561554E-01   0.201205E-10   0.200747E-10   0.000000E+00   0.851168E-01   0.851168E-01   0.851168E-01  -0.251486E-06   0.840304E-01   0.730996E-01   0.123842E-06
   0.205588E+03   0.750643E-01   0.459778E-01   0.136195E-10   0.135890E-10   0.000000E+00   0.704935E-01   0.704935E-01   0.704935E-01  -0.208280E-06   0.696487E-01   0.594804E-01   0.104240E-06
   0.227209E+03   0.622366E-01   0.375304E-01   0.921126E-11   0.919100E-11   0.000000E+00   0.583542E-01   0.583542E-01   0.583542E-01  -0.172413E-06   0.577096E-01   0.481844E-01   0.883546E-07
   0.251105E+03   0.515893E-01   0.305227E-01   0.622373E-11   0.621036E-11   0.000000E+00   0.482788E-01   0.482788E-01   0.482788E-01  -0.142644E-06   0.477999E-01   0.388240E-01   0.753360E-07
   0.277514E+03   0.427535E-01   0.247134E-01   0.420047E-11   0.419171E-11   0.000000E+00   0.399186E-01   0.399186E-01   0.399186E-01  -0.117943E-06   0.395765E-01   0.310783E-01   0.645394E-07
   0.306701E+03   0.354224E-01   0.199026E-01   0.283135E-11   0.282565E-11   0.000000E+00   0.329836E-01   0.329836E-01   0.329836E-01  -0.974531E-07   0.327539E-01   0.246811E-01   0.554741E-07
   0.338957E+03   0.293409E-01   0.159244E-01   0.190573E-11   0.190206E-11   0.000000E+00   0.272326E-01   0.272326E-01   0.272326E-01  -0.804614E-07   0.270948E-01   0.194126E-01   0.477665E-07
   0.374605E+03   0.242971E-01   0.126416E-01   0.128065E-11   0.127832E-11   0.000000E+00   0.224655E-01   0.224655E-01   0.224655E-01  -0.663765E-07   0.224021E-01   0.150911E-01   0.411323E-07
   0.414003E+03   0.201145E-01   0.994039E-02   0.859054E-12   0.857589E-12   0.000000E+00   0.185157E-01   0.185157E-01   0.185157E-01  -0.547065E-07   0.185116E-01   0.115666E-01   0.353553E-07
   0.457544E+03   0.166469E-01   0.772721E-02   0.575141E-12   0.574237E-12   0.000000E+00   0.152452E-01   0.152452E-01   0.152452E-01  -0.450435E-07   0.152876E-01   0.871544E-02   0.302731E-07
   0.505664E+03   0.137727E-01   0.592460E-02   0.384289E-12   0.383743E-12   0.000000E+00   0.125395E-01   0.125395E-01   0.125395E-01  -0.370490E-07   0.126169E-01   0.643523E-02   0.257646E-07
   0.558846E+03   0.113910E-01   0.446851E-02   0.256261E-12   0.255938E-12   0.000000E+00   0.103032E-01   0.103032E-01   0.103032E-01  -0.304418E-07   0.104057E-01   0.464054E-02   0.217422E-07
   0.617619E+03   0.941800E-02   0.330577E-02   0.170580E-12   0.170395E-12   0.000000E+00   0.845750E-02   0.845750E-02   0.845750E-02  -0.249885E-07   0.857628E-02   0.325889E-02   0.181452E-07
   0.682575E+03   0.778400E-02   0.239170E-02   0.113387E-12   0.113284E-12   0.000000E+00   0.693664E-02   0.693664E-02   0.693664E-02  -0.204950E-07   0.706387E-02   0.222700E-02   0.149347E-07
   0.754362E+03   0.643135E-02   0.168818E-02   0.753164E-13   0.752597E-13   0.000000E+00   0.568600E-02   0.568600E-02   0.568600E-02  -0.167998E-07   0.581485E-02   0.148757E-02   0.120898E-07
   0.833699E+03   0.531212E-02   0.116168E-02   0.500406E-13   0.500098E-13   0.000000E+00   0.465991E-02   0.465991E-02   0.465991E-02  -0.137681E-07   0.478460E-02   0.986271E-03   0.960210E-08
   0.921381E+03   0.438651E-02   0.781671E-03   0.332951E-13   0.332779E-13   0.000000E+00   0.382003E-02   0.382003E-02   0.382003E-02  -0.112867E-07   0.393596E-02   0.669788E-03   0.747109E-08
   0.101828E+04   0.362149E-02   0.519455E-03   0.222123E-13   0.222022E-13   0.000000E+00   0.313403E-02   0.313403E-02   0.313403E-02  -0.925979E-08   0.323794E-02   0.485341E-03   0.569716E-08
   0.112538E+04   0.298957E-02   0.347493E-03   0.148712E-13   0.148646E-13   0.000000E+00   0.257439E-02   0.257439E-02   0.257439E-02  -0.760628E-08   0.266452E-02   0.382359E-03   0.427398E-08
   0.124373E+04   0.246791E-02   0.239710E-03   0.999312E-14   0.998867E-14   0.000000E+00   0.211776E-02   0.211776E-02   0.211776E-02  -0.625713E-08   0.219389E-02   0.316715E-03   0.318098E-08
   0.137454E+04   0.203745E-02   0.172717E-03   0.673396E-14   0.673101E-14   0.000000E+00   0.174442E-02   0.174442E-02   0.174442E-02  -0.515406E-08   0.180769E-02   0.256825E-03   0.237795E-08
   0.151910E+04   0.168235E-02   0.127846E-03   0.454231E-14   0.454053E-14   0.000000E+00   0.143807E-02   0.143807E-02   0.143807E-02  -0.424891E-08   0.149056E-02   0.189269E-03   0.180539E-08
   0.167886E+04   0.138940E-02   0.931717E-04   0.306127E-14   0.306035E-14   0.000000E+00   0.118571E-02   0.118571E-02   0.118571E-02  -0.350328E-08   0.122974E-02   0.119707E-03   0.139349E-08
   0.185543E+04   0.114764E-02   0.641159E-04   0.205972E-14   0.205931E-14   0.000000E+00   0.977374E-03   0.977374E-03   0.977374E-03  -0.288775E-08   0.101484E-02   0.650799E-04   0.107883E-08
   0.205057E+04   0.948053E-03   0.414246E-04   0.138519E-14   0.138500E-14   0.000000E+00   0.805583E-03   0.805583E-03   0.805583E-03  -0.238017E-08   0.837573E-03   0.379462E-04   0.821857E-09
   0.226623E+04   0.783216E-03   0.267759E-04   0.933225E-15   0.933086E-15   0.000000E+00   0.664347E-03   0.664347E-03   0.664347E-03  -0.196288E-08   0.691321E-03   0.330200E-04   0.612215E-09
   0.250457E+04   0.647060E-03   0.189038E-04   0.630342E-15   0.630235E-15   0.000000E+00   0.548350E-03   0.548350E-03   0.548350E-03  -0.162015E-08   0.570728E-03   0.308899E-04   0.454269E-09
   0.276798E+04   0.534595E-03   0.139052E-04   0.426001E-15   0.425945E-15   0.000000E+00   0.452773E-03   0.452773E-03   0.452773E-03  -0.133776E-08   0.471299E-03   0.198851E-04   0.343713E-09
   0.305909E+04   0.441690E-03   0.932949E-05   0.287511E-15   0.287490E-15   0.000000E+00   0.373748E-03   0.373748E-03   0.373748E-03  -0.110427E-08   0.389239E-03   0.888317E-05   0.262049E-09
   0.338082E+04   0.364932E-03   0.594264E-05   0.194062E-15   0.194048E-15   0.000000E+00   0.308519E-03   0.308519E-03   0.308519E-03  -0.911549E-09   0.321468E-03   0.740990E-05   0.195781E-09
   0.373638E+04   0.301507E-03   0.424364E-05   0.131188E-15   0.131178E-15   0.000000E+00   0.254794E-03   0.254794E-03   0.254794E-03  -0.752815E-09   0.265511E-03   0.696021E-05   0.145840E-09
   0.412934E+04   0.249101E-03   0.293524E-05   0.886533E-16   0.886494E-16   0.000000E+00   0.210418E-03   0.210418E-03   0.210418E-03  -0.621700E-09   0.219311E-03   0.304271E-05   0.110381E-09
   0.456362E+04   0.205798E-03   0.189539E-05   0.598970E-16   0.598942E-16   0.000000E+00   0.173757E-03   0.173757E-03   0.173757E-03  -0.513380E-09   0.181147E-03   0.264821E-05   0.824346E-10
   0.504358E+04   0.170016E-03   0.135302E-05   0.404967E-16   0.404951E-16   0.000000E+00   0.143512E-03   0.143512E-03   0.143512E-03  -0.424019E-09   0.149625E-03   0.183253E-05   0.617584E-10
   0.557402E+04   0.140448E-03   0.882113E-06   0.273688E-16   0.273680E-16   0.000000E+00   0.118517E-03   0.118517E-03   0.118517E-03  -0.350169E-09   0.123586E-03   0.110140E-05   0.463124E-10
   0.616025E+04   0.116017E-03   0.617431E-06   0.185035E-16   0.185030E-16   0.000000E+00   0.978829E-04   0.978829E-04   0.978829E-04  -0.289204E-09   0.102076E-03   0.821085E-06   0.346420E-10
   0.680813E+04   0.958305E-04   0.408346E-06   0.125076E-16   0.125074E-16   0.000000E+00   0.808356E-04   0.808356E-04   0.808356E-04  -0.238837E-09   0.843073E-04   0.577184E-06   0.259201E-10
   0.752414E+04   0.791520E-04   0.279740E-06   0.845570E-17   0.845557E-17   0.000000E+00   0.667578E-04   0.667578E-04   0.667578E-04  -0.197242E-09   0.696288E-04   0.328363E-06   0.194117E-10
   0.831546E+04   0.653721E-04   0.190201E-06   0.571626E-17   0.571618E-17   0.000000E+00   0.551292E-04   0.551292E-04   0.551292E-04  -0.162885E-09   0.575031E-04   0.256719E-06   0.145092E-10
   0.919001E+04   0.539878E-04   0.128080E-06   0.386420E-17   0.386415E-17   0.000000E+00   0.455242E-04   0.455242E-04   0.455242E-04  -0.134505E-09   0.474867E-04   0.180519E-06   0.108489E-10
   0.101565E+05   0.445833E-04   0.865364E-07   0.261216E-17   0.261213E-17   0.000000E+00   0.375909E-04   0.375909E-04   0.375909E-04  -0.111066E-09   0.392129E-04   0.118947E-06   0.811235E-11
   0.112247E+05   0.368249E-04   0.592820E-07   0.176258E-17   0.176259E-17   0.000000E+00   0.310142E-04   0.310142E-04   0.310142E-04  -0.916344E-10   0.323864E-04   0.802306E-07   0.610078E-11
   0.124052E+05   0.304166E-04   0.406113E-07   0.118931E-17   0.118934E-17   0.000000E+00   0.255881E-04   0.255881E-04   0.255881E-04  -0.756025E-10   0.267483E-04   0.541161E-07   0.458801E-11
   0.137098E+05   0.251234E-04   0.278209E-07   0.802498E-18   0.802535E-18   0.000000E+00   0.211113E-04   0.211113E-04   0.211113E-04  -0.623754E-10   0.220917E-04   0.365017E-07   0.345035E-11
   0.151517E+05   0.207514E-04   0.190588E-07   0.541492E-18   0.541528E-18   0.000000E+00   0.174178E-04   0.174178E-04   0.174178E-04  -0.514625E-10   0.182458E-04   0.246207E-07   0.259478E-11
   0.167452E+05   0.171402E-04   0.130563E-07   0.365376E-18   0.365407E-18   0.000000E+00   0.143704E-04   0.143704E-04   0.143704E-04  -0.424588E-10   0.150694E-04   0.166068E-07   0.195137E-11
   0.185063E+05   0.141575E-04   0.894422E-08   0.246541E-18   0.246566E-18   0.000000E+00   0.118562E-04   0.118562E-04   0.118562E-04  -0.350304E-10   0.124460E-04   0.112014E-07   0.146750E-11
   0.204527E+05   0.116938E-04   0.612726E-08   0.166355E-18   0.166376E-18   0.000000E+00   0.978193E-05   0.978193E-05   0.978193E-05  -0.289017E-10   0.102793E-04   0.755544E-08   0.110361E-11
   0.226037E+05   0.965881E-05   0.419750E-08   0.112250E-18   0.112266E-18   0.000000E+00   0.807052E-05   0.807052E-05   0.807052E-05  -0.238452E-10   0.848975E-05   0.509620E-08   0.829957E-12
   0.249810E+05   0.797797E-05   0.287551E-08   0.757413E-19   0.757536E-19   0.000000E+00   0.665854E-05   0.665854E-05   0.665854E-05  -0.196733E-10   0.701178E-05   0.343742E-08   0.624158E-12
   0.276082E+05   0.658963E-05   0.196987E-08   0.511070E-19   0.511163E-19   0.000000E+00   0.549359E-05   0.549359E-05   0.549359E-05  -0.162314E-10   0.579111E-05   0.231857E-08   0.469389E-12
   0.305118E+05   0.544290E-05   0.134947E-08   0.344849E-19   0.344918E-19   0.000000E+00   0.453246E-05   0.453246E-05   0.453246E-05  -0.133916E-10   0.478294E-05   0.156389E-08   0.352997E-12
   0.337208E+05   0.449572E-05   0.924456E-09   0.232690E-19   0.232741E-19   0.000000E+00   0.373948E-05   0.373948E-05   0.373948E-05  -0.110487E-10   0.395028E-05   0.105485E-08   0.265467E-12
   0.372672E+05   0.371337E-05   0.633301E-09   0.157009E-19   0.157047E-19   0.000000E+00   0.308524E-05   0.308524E-05   0.308524E-05  -0.911564E-11   0.326258E-05   0.711507E-09   0.199641E-12
   0.411866E+05   0.306716E-05   0.433845E-09   0.105943E-19   0.105971E-19   0.000000E+00   0.254546E-05   0.254546E-05   0.254546E-05  -0.752081E-11   0.269460E-05   0.479917E-09   0.150137E-12
   0.455183E+05   0.253341E-05   0.297206E-09   0.714860E-20   0.715059E-20   0.000000E+00   0.210012E-05   0.210012E-05   0.210012E-05  -0.620500E-11   0.222550E-05   0.323707E-09   0.112908E-12
   0.503055E+05   0.209254E-05   0.203602E-09   0.482358E-20   0.482501E-20   0.000000E+00   0.173269E-05   0.173269E-05   0.173269E-05  -0.511940E-11   0.183807E-05   0.218343E-09   0.849111E-13
   0.555961E+05   0.172840E-05   0.139478E-09   0.325475E-20   0.325578E-20   0.000000E+00   0.142955E-05   0.142955E-05   0.142955E-05  -0.422374E-11   0.151808E-05   0.147274E-09   0.638562E-13
   0.614432E+05   0.142762E-05   0.955498E-10   0.219617E-20   0.219690E-20   0.000000E+00   0.117944E-05   0.117944E-05   0.117944E-05  -0.348477E-11   0.125380E-05   0.993373E-10   0.480222E-13
   0.679053E+05   0.117918E-05   0.654567E-10   0.148188E-20   0.148241E-20   0.000000E+00   0.973090E-06   0.973090E-06   0.973090E-06  -0.287509E-11   0.103553E-05   0.670037E-10   0.361144E-13
   0.750469E+05   0.973981E-06   0.448413E-10   0.999912E-21   0.100029E-20   0.000000E+00   0.802842E-06   0.802842E-06   0.802842E-06  -0.237208E-11   0.855252E-06   0.451945E-10   0.271593E-13
   0.829397E+05   0.804488E-06   0.307186E-10   0.674699E-21   0.674964E-21   0.000000E+00   0.662381E-06   0.662381E-06   0.662381E-06  -0.195707E-11   0.706362E-06   0.304840E-10   0.204248E-13
   0.916625E+05   0.664490E-06   0.210439E-10   0.455258E-21   0.455446E-21   0.000000E+00   0.546493E-06   0.546493E-06   0.546493E-06  -0.161467E-11   0.583392E-06   0.205617E-10   0.153602E-13
   0.101303E+06   0.548854E-06   0.144162E-10   0.307189E-21   0.307322E-21   0.000000E+00   0.450881E-06   0.450881E-06   0.450881E-06  -0.133217E-11   0.481830E-06   0.138690E-10   0.115514E-13