0.024390243902439
0.025264774622381
0.026124423276733
0.026970154194759
0.027802827396072
0.028623214020956
0.029432008880597
0.030229840820824
0.031017281332682
0.031794851724692
0.032563029206326
0.033322252028049
0.034072923869229
0.034815417607274
0.035550078581210
0.036277227391706
0.036997162372566
0.037710161716998
0.038416485397322
0.039116376787719
0.039810064161106
0.040497761992147
0.041179672101870
0.041855984728174
0.042526879420696
0.043192525887717
0.043853084770725
0.044508708302427
0.045159540914558
0.045805719815881
0.046447375477715
0.047084632124254
0.047717608113256
0.048348362486683
0.048987452854622
0.049634989280047
0.050291083311212
0.050955847941343
0.051629397648378
0.052311848423477
0.053003317770148
0.053703924765033
0.054413790026640
0.055133035761058
0.055861785795096
0.056600165576167
0.057348302187619
0.058106324382658
0.058874362640364
0.059652549088588
0.060441017656228
0.061239903975150
0.062049345477890
0.062869481398123
0.063700452813271
0.064542402621026
0.065395475580506
0.066259818381679
0.067135579596867
0.068022909776049
0.068921961421805
0.069832889038358
0.070755849129342
0.071691000249204
0.072638503030129
0.073598520179481
0.074571216535418
0.075556759096187
0.076555317017694
0.077567061674204
0.078592166656270
0.079630807799904
0.080683163216851
0.081749413363418
0.082829741039908
0.083924331385815
0.085033371951161
0.086157052692707
0.087295566050644
0.088449106902645
0.089617872685787
0.090802063396202
0.092001881536816
0.093196063119458
0.094382683484563
0.095561932556322
0.096733992273375
0.097899036827906
0.099057233226858
0.100208741713352
0.101353716139734
0.102492304359586
0.103624648431583
0.104750885138061
0.105871146106407
0.106985558109068
0.108094243381798
0.109197319775896
0.110294901079904
0.111387097006993
0.112474013680310
0.113555753570284
0.114632415802263
0.115704096333351
0.116770887952732
0.117832880446100
0.118890160924321
0.119942813833543
0.120990920913690
0.122034561499315
0.123073812597212
0.124108748955883
0.125139443200369
0.126165965761048
0.127188385193926
0.128206768192702
0.129221179432934
0.130231681979717
0.131238337062684
0.132241204507705
0.133240342303182
0.134235807113415
0.135227654098208
0.136215937098477
0.137200708380107
0.138182019166017
0.139159919192857
0.140134457163605
0.141105680625217
0.142073635773130
0.143038367859281
0.143999921216054
